0
0
0
0
0
0
0
0
0
0
0
0
0
0
0
0
0
0
0
0
0
0
0
0
0
0
0
0
0
0
0
0
0
0
0
0
0
0
0
0
0
0
0
0
0
0
0
0
0
0
0
0
0
0
0
0
0
0
0
0
10
10
10
10
10
10
10
10
10
10
10
10
10
10
10
20
20
20
20
20
20
20
20
20
20
20
20
20
20
20
20
30
30
30
30
30
30
30
30
30
40
40
40
40
40
40
40
40
40
40
40
40
40
40
40
50
50
50
50
50
50
50
50
50
50
60
60
60
60
60
80
80
80
80
80
80
100
100
100
100
120
120
120
120
120
140
140
140
140
140
160
160
160
160
180
180
180
180
200
200
200
200
220
220
220
220
220
240
240
240
245
250
255
260
265
270
280
285
290
300
305
310
320
330
350
365
370
375
380
390
400
410
420
430
440
450
460
470
480
490
495
500
510
520
530
540
550
555
560
570
580
590
600
610
610
620
625
630
640
650
660
670
680
690
700
710
720
725
730
735
740
745
750
760
770
780
790
800
810
820
830
835
840
845
850
855
860
865
870
875
875
880
885
890
895
900
905
910
915
920
925
930
935
940
945
945
950
950
955
960
960
970
970
980
980
990
990
990
995
995
1000
1000
1000
1000
1000
1000
1000
1000
1000
1000
1000
1000
1000
1000
1000
1000
1000
1000
1000
1000
1000
1000
1000
1000
1000
1000
1000
1000
1000
1000
995
995
995
990
990
990
990
980
980
980
980
970
970
970
970
960
960
950
950
940
940
930
930
920
920
910
910
900
900
890
890
885
885
880
880
880
870
870
870
870
870
865
865
865
865
860
860
860
860
860
855
855
855
855
855
850
850
850
845
845
845
845
840
840
840
830
830
830
820
820
820
810
810
810
800
800
800
800
790
790
790
790
780
780
780
780
770
770
770
770
760
760
760
760
750
750
750
740
740
740
740
730
730
730
730
730
720
720
720
720
720
710
710
710
710
710
700
700
700
690
690
690
690
680
680
680
670
670
670
660
660
660
660
650
650
650
650
640
640
640
630
630
630
620
620
620
610
610
600
600
590
590
590
580
580
570
570
570
560
560
560
560
550
550
550
550
550
540
540
540
540
540
530
530
530
530
530
520
520
520
520
520
510
510
510
510
510
500
500
500
500
490
490
490
490
490
480
480
480
470
470
470
470
460
460
460
450
450
450
440
440
440
430
430
430
420
420
420
410
410
410
400
400
400
390
390
390
390
380
380
380
370
370
370
360
360
360
350
350
350
340
340
340
330
330
330
320
320
320
310
310
300
300
300
290
290
290
280
280
280
270
270
270
260
260
260
250
250
250
240
240
240
230
230
230
220
220
210
210
200
200
200
190
190
190
180
180
180
180
180
170
170
170
170
170
160
160
160
160
150
150
150
150
140
140
140
140
130
130
130
130
125
125
125
125
120
120
120
120
120
120
120
110
110
110
110
110
110
110
110
100
100
100
100
100
100
100
100
100
90
90
90
90
90
90
90
90
90
80
80
80
80
80
80
80
80
75
75
75
75
75
75
75
75
75
75
70
70
70
70
70
70
70
70
70
70
70
60
60
60
60
50
50
50
50
40
40
40
40
40
30
30
30
30
30
30
30
20
20
20
20
20
20
10
10
10
10
10
10
10
10
5
5
5
5
5
5
5
5
0
0
0
0
0
0
0
0
0
0
0
0
0
0
0
0
0
0
0
0
0
